-1951.73065576396
553.954559502355
-307.548034228378
-340.370494443092
450.51171056283
1972.78765333685
1494.76200267349
-442.484071902323
-1334.3906480024
1105.7050340604
-1498.25273794401
-862.182759568267
-8.67845339125322
2.67557005772266
2051.97990384204
-1093.19961968285
1516.72861575839
-845.667131716085
-1473.1234406585
472.376231843615
-1348.13650057096
335.012128486158
-476.00205029286
1967.71261160876
1927.34259355952
-642.02722714164
-289.578256538848
627.870439141423
-913.780683224458
-1726.6984608258
-1047.86585493401
362.206536999561
1726.6984608258
-1131.5345909263
1687.15082398616
289.578256538848
-547.962236663826
196.337630896905
-1967.71261160876
847.181569084444
-1294.41699804658
1348.13650057096
1752.8629028856
-650.401988021682
845.667131716085
4.88748505698031
-7.65419611819104
-2051.97990384204
-1894.04284858171
727.13127726618
-307.548034228378
-298.501585235138
479.280375619315
1972.78765333685
1448.94247533934
-575.040260921986
-1334.3906480024
966.569168159218
-1591.56807340033
-862.182759568267
-8.40285301827009
3.44474811144237
2051.97990384204
-952.45378143933
1608.84520590298
-845.667131716085
-1424.70482639413
602.866596750529
-1348.13650057096
290.873871262358
-504.185946980558
1967.71261160876
1861.83764778491
-812.655527656496
-289.578256538848
543.199997746956
-966.514452985318
-1726.6984608258
-1011.07026399593
454.921253235114
1726.6984608258
-975.316299992547
1782.02316155228
289.578256538848
-528.097945774714
244.793050931516
-1967.71261160876
727.412477245385
-1365.32159719827
1348.13650057096
1687.31141164536
-805.314412181006
845.667131716085
4.17975605767473
-8.06249760907052
-2051.97990384204
